Place,Name,CyrillicName,BirthYear,WeightClassKg,BodyweightKg,Bench1Kg,Bench2Kg,Bench3Kg,Best3BenchKg,TotalKg,Division,Sex,Event,Equipment
1,Sofiya Permyakova,София Пермякова,1985,47,45.15,67.5,70,72.5,72.5,72.5,Open,F,B,Single-ply
2,Evgeniya Evsyukhina,Евгения Евсюхина,1985,47,46.1,32.5,37.5,-40,37.5,37.5,Open,F,B,Single-ply
1,Anna Kudinova,Анна Кудинова,1992,47,44.95,30,32.5,35,35,35,Juniors,F,B,Single-ply
1,Regina Shilova,Регина Шилова,1998,47,43.45,20,22.5,25,25,25,Sub-Juniors,F,B,Single-ply
1,Mariya Burova,Мария Бурова,1995,52,48.1,57.5,62.5,63.5,63.5,63.5,Open,F,B,Single-ply
1,Anastasiya Chavkina,Анастасия Чавкина,1998,52,47.7,55,-60,-60,55,55,Sub-Juniors,F,B,Single-ply
2,Aleksandra Davydova,Александра Давыдова,1998,52,48.15,40,42.5,-45,42.5,42.5,Sub-Juniors,F,B,Single-ply
1,Anna Voronkova,Анна Воронкова,1994,52,51.7,40,-45,-45,40,40,Juniors,F,B,Single-ply
3,Tatyana Matyushina,Татьяна Матюшина,2000,52,47.7,25,30,32.5,32.5,32.5,Sub-Juniors,F,B,Single-ply
4,Kristina Gireeva,Кристина Гиреева,1998,52,49.1,-30,30,-40,30,30,Sub-Juniors,F,B,Single-ply
5,Karina Kuznetsovskaya,Карина Кузнецовская,1998,52,51.3,27.5,30,-37.5,30,30,Sub-Juniors,F,B,Single-ply
NS,Natalya Kozak #2,Наталья Козак,1979,52,,,,,,,Open,F,B,Single-ply
1,Yuliya Tsukanova,Юлия Цуканова,1997,57,52.2,47.5,50,,50,50,Sub-Juniors,F,B,Single-ply
2,Irina Antipova,Ирина Антипова,1996,57,53.3,37.5,40,-45,40,40,Sub-Juniors,F,B,Single-ply
1,Margarita Chebotnyagina,Маргарита Чеботнягина,1974,57,53.9,37.5,-40,40,40,40,Open,F,B,Single-ply
3,Kristina Chibisova,Кристина Чибисова,1996,57,54.75,37.5,40,-45,40,40,Sub-Juniors,F,B,Single-ply
NS,Inna Mandriko,Инна Мандрико,1991,57,,,,,,,Juniors,F,B,Single-ply
NS,Natalya Safonova,Наталья Сафонова,1994,57,,,,,,,Juniors,F,B,Single-ply
1,Marina Burmistrova,Марина Бурмистрова,1979,63,60.25,85,90,95,95,95,Open,F,B,Single-ply
1,Olesya Vrachyova,Олеся Врачёва,1990,63,57.95,-70,75,80,80,80,Juniors,F,B,Single-ply
2,Anastasiya Gubanova,Анастасия Губанова,1993,63,58.85,60,65,,65,65,Open,F,B,Single-ply
3,Anna Vishnevskaya,Анна Вишневская,1987,63,59.6,40,45,50,50,50,Open,F,B,Single-ply
DQ,Ekaterina Semina,Екатерина Семина,1987,63,59.55,-77.5,-77.5,-77.5,,,Open,F,B,Single-ply
NS,Mariya Koshaeva,Мария Кошаева,1990,63,,,,,,,Juniors,F,B,Single-ply
NS,Anna Gorbacheva,Анна Горбачева,1999,63,,,,,,,Sub-Juniors,F,B,Single-ply
NS,Maria Dubenskaya,Мария Дубенская,1988,63,,,,,,,Open,F,B,Single-ply
1,Anastasiya Lysenko,Анастасия Лысенко,1994,72,63.7,92.5,97.5,102.5,102.5,102.5,Open,F,B,Single-ply
1,Elena Rodionova,Елена Родионова,1993,72,65.8,-85,90,-92.5,90,90,Juniors,F,B,Single-ply
2,Snezhana Zinovchenkova,Снежана Зиновченкова,1993,72,63.7,75,82.5,85,85,85,Open,F,B,Single-ply
3,Zhanna Martynova,Жанна Мартынова,1966,72,65.7,80,-85,-85,80,80,Open,F,B,Single-ply
4,Oksana Gurina,Оксана Гурина,1981,72,71.9,55,60,62.5,62.5,62.5,Open,F,B,Single-ply
1,Alena Konoplyova,Алена Коноплёва,2000,72,67.1,30,35,-37.5,35,35,Sub-Juniors,F,B,Single-ply
NS,Ilona Cherbaeva,Илона Чербаева,1998,72,,,,,,,Sub-Juniors,F,B,Single-ply
NS,Aleksandra Tikhomirova,Александра Тихомирова,1992,72,,,,,,,Open,F,B,Single-ply
1,Mariya Petrunina,Мария Петрунина,1995,84,81.65,90,97.5,105,105,105,Sub-Juniors,F,B,Single-ply
2,Yuliana Fedina,Юлиана Федина,1995,84,83.4,80,85,-87.5,85,85,Sub-Juniors,F,B,Single-ply
1,Galina Tsukanova,Галина Цуканова,1964,84,74.95,70,75,80,80,80,Open,F,B,Single-ply
1,Antonina Denisova,Антонина Денисова,1994,84,77.65,65,70,75,75,75,Juniors,F,B,Single-ply
2,Tatyana Ovchinkina,Татьяна Овчинкина,1993,84,76.1,30,35,-37.5,35,35,Juniors,F,B,Single-ply
3,Ekaterina Geraskina,Екатерина Гераськина,1999,84,79.45,35,40,42.5,42.5,42.5,Sub-Juniors,F,B,Single-ply
NS,Anna Gorodova,Анна Городова,1975,84,,,,,,,Open,F,B,Single-ply
1,Svetlana Zelinskaya,Светлана Зелинская,1962,84+,87.8,107.5,110.5,112.5,112.5,112.5,Open,F,B,Single-ply
NS,Anna Golovnya,Анна Головня,1999,84+,,,,,,,Sub-Juniors,F,B,Single-ply
NS,Marina Zaprudskaya,Марина Запрудская,1980,84+,,,,,,,Open,F,B,Single-ply
NS,Olga Kolyada,Ольга Коляда,1975,84+,,,,,,,Open,F,B,Single-ply
1,Andrey Reyn,Андрей Рейн,1991,53,52.6,75,95,100,100,100,Juniors,M,B,Single-ply
1,Nikita Zagorodnyy,Никита Загородный,1997,53,52.5,65,70.5,-75,70.5,70.5,Sub-Juniors,M,B,Single-ply
2,Artyom Voronichev,Артём Вороничев,1998,53,49.95,47.5,55,-60,55,55,Sub-Juniors,M,B,Single-ply
3,Nikita Ivankov,Никита Иванков,1998,53,50.4,40,45,-50,45,45,Sub-Juniors,M,B,Single-ply
4,Ivan Maslin,Иван Маслин,1999,53,42.95,40,42.5,-47.5,42.5,42.5,Sub-Juniors,M,B,Single-ply
5,Volodya Akopyan,Володя Акопян,2000,53,44.75,25,30,35,35,35,Sub-Juniors,M,B,Single-ply
6,Evgeniy Zhukovskiy,Евгений Жуковский,1998,53,41.25,-32.5,32.5,-35,32.5,32.5,Sub-Juniors,M,B,Single-ply
7,Mark Maksimov,Марк Максимов,1999,53,35.85,20,22.5,-25,22.5,22.5,Sub-Juniors,M,B,Single-ply
NS,Viktor Katkov,Виктор Катков,1996,53,,,,,,,Sub-Juniors,M,B,Single-ply
NS,Gor Karapetyan,Гор Карапетян,1998,53,,,,,,,Sub-Juniors,M,B,Single-ply
1,Dmitriy Pankrushev,Дмитрий Панкрушев,1987,59,56.9,125,135,-140.5,135,135,Open,M,B,Single-ply
1,Sergey Senin,Сергей Сенин,1990,59,58.95,120,-125,125,125,125,Juniors,M,B,Single-ply
2,Nikita Kravchenko,Никита Кравченко,1992,59,58.95,100,-105,-105,100,100,Juniors,M,B,Single-ply
3,Umedzhon Aliev,Умеджон Алиев,1994,59,54.85,65,70,72.5,72.5,72.5,Juniors,M,B,Single-ply
1,Nikolay Podorvanov,Николай Подорванов,1997,59,58.2,70,80,-85,80,80,Sub-Juniors,M,B,Single-ply
G,Anton Molchanov,Антон Молчанов,1995,59,54.4,-80,80,,80,80,Sub-Juniors,M,B,Single-ply
2,Grigoriy Tataresku,Григорий Татареску,1998,59,56,55,60,72.5,72.5,72.5,Sub-Juniors,M,B,Single-ply
3,Roman Streltsov,Роман Стрельцов,1997,59,57.45,67.5,72.5,-80,72.5,72.5,Sub-Juniors,M,B,Single-ply
4,Maksim Afonin,Максим Афонин,1995,59,58.6,60,67.5,72.5,72.5,72.5,Sub-Juniors,M,B,Single-ply
5,Mikhail Deryugin,Михаил Дерюгин,1998,59,55.35,60,62.5,65,65,65,Sub-Juniors,M,B,Single-ply
6,Mikhail Kiselyov,Михаил Киселёв,1996,59,57.15,60,65,-70,65,65,Sub-Juniors,M,B,Single-ply
7,Nikita Pletnyov,Никита Плетнёв,1996,59,55.75,55,62.5,-67.5,62.5,62.5,Sub-Juniors,M,B,Single-ply
8,Nikita Fadeev,Никита Фадеев,2000,59,56.6,55,-65,-70,55,55,Sub-Juniors,M,B,Single-ply
2,Pavel Savochkin,Павел Савочкин,1996,59,57,50,-55,-55,50,50,Open,M,B,Single-ply
NS,Andrey Losyakov,Андрей Лосяков,1996,59,,,,,,,Sub-Juniors,M,B,Single-ply
1,Pavel Shitov,Павел Шитов,1984,66,65.3,130,140,147.5,147.5,147.5,Open,M,B,Single-ply
2,Nikolay Aksenov,Николай Аксенов,1957,66,63.85,115,122.5,127.5,127.5,127.5,Open,M,B,Single-ply
3,Vladimir Pulnev,Владимир Пульнев,1981,66,64.2,115,-120,120,120,120,Open,M,B,Single-ply
1,Artyom Nesterov,Артём Нестеров,1993,66,65.85,-115,115,117.5,117.5,117.5,Juniors,M,B,Single-ply
2,Mikhail Gireev,Михаил Гиреев,1994,66,63.7,-110,110,115,115,115,Juniors,M,B,Single-ply
3,Aleksandr Mazur,Александр Мазур,1990,66,66,100,107.5,112.5,112.5,112.5,Juniors,M,B,Single-ply
1,Vladislav Gerasimov,Владислав Герасимов,1996,66,63.95,95,105,-107.5,105,105,Sub-Juniors,M,B,Single-ply
4,Dmitriy Marin,Дмитрий Марин,1991,66,62.1,95,102.5,-110,102.5,102.5,Juniors,M,B,Single-ply
2,Maksim Vologin,Максим Вологин,1996,66,63.05,87.5,92.5,97.5,97.5,97.5,Sub-Juniors,M,B,Single-ply
5,Dmitriy Sokirko,Дмитрий Сокирко,1994,66,63.65,87.5,92.5,-95,92.5,92.5,Juniors,M,B,Single-ply
3,Parvin Sadygov,Парвин Садыгов,1995,66,64.7,85,92.5,-97.5,92.5,92.5,Sub-Juniors,M,B,Single-ply
6,Dmitriy Baranov,Дмитрий Баранов,1993,66,63.25,80,-85,87.5,87.5,87.5,Juniors,M,B,Single-ply
4,Nikolay Isaev,Николай Исаев,1996,66,65.4,-80,85,-90,85,85,Sub-Juniors,M,B,Single-ply
5,Nikolay Kurdyubov,Николай Курдюбов,1995,66,63.35,72.5,77.5,82.5,82.5,82.5,Sub-Juniors,M,B,Single-ply
6,Sergey Korotkov,Сергей Коротков,1995,66,61.5,75,80,-87.5,80,80,Sub-Juniors,M,B,Single-ply
7,Roman Kuruz,Роман Куруз,1999,66,62.8,75,80,-85,80,80,Sub-Juniors,M,B,Single-ply
8,Zhakhongir Zhangibaev,Жахонгир Жангибаев,1995,66,62.95,80,-85,-85,80,80,Sub-Juniors,M,B,Single-ply
9,Vladislav Lomaka,Владислав Ломака,1995,66,64.6,70,80,-87.5,80,80,Sub-Juniors,M,B,Single-ply
7,Artur Kocharyan,Артур Кочарян,1991,66,61.65,-75,75,77.5,77.5,77.5,Juniors,M,B,Single-ply
10,Andrey Fedorov,Андрей Федоров,1996,66,63.6,65,70,75,75,75,Sub-Juniors,M,B,Single-ply
8,Aleksandr Zarubin,Александр Зарубин,1994,66,59.2,62.5,67.5,70,70,70,Juniors,M,B,Single-ply
11,Sergey Yakovlev,Сергей Яковлев,1996,66,59.05,55,-62.5,-62.5,55,55,Sub-Juniors,M,B,Single-ply
NS,Maksim Pankratov,Максим Панкратов,1994,66,,,,,,,Juniors,M,B,Single-ply
NS,Stanislav Levitskiy,Станислав Левицкий,1995,66,,,,,,,Sub-Juniors,M,B,Single-ply
NS,Norayr Mkrtchyan,Норайр Мкртчян,1994,66,,,,,,,Juniors,M,B,Single-ply
NS,Aleksandr Maltsev,Александр Мальцев,1996,66,,,,,,,Sub-Juniors,M,B,Single-ply
NS,Dmitriy Slesarev,Дмитрий Слесарев,1997,66,,,,,,,Sub-Juniors,M,B,Single-ply
NS,Vitaliy Zakharov,Виталий Захаров,1987,66,,,,,,,Open,M,B,Single-ply
1,Maksim Korolyov,Максим Королёв,1989,74,71,175,180,187.5,187.5,187.5,Open,M,B,Single-ply
2,Sergey Martynov,Сергей Мартынов,1973,74,72.35,175,185,-187.5,185,185,Open,M,B,Single-ply
3,Aleksandr Martynov,Александр Мартынов,1978,74,73.95,175,180,-187.5,180,180,Open,M,B,Single-ply
4,Vladimir Kovalchuk,Владимир Ковальчук,1986,74,73.8,150,160,-165,160,160,Open,M,B,Single-ply
5,Anatoliy Teplyy,Анатолий Теплый,1977,74,73.6,145,150,-155,150,150,Open,M,B,Single-ply
1,Evgeniy Vasin,Евгений Васин,1993,74,70.65,125,-132.5,132.5,132.5,132.5,Juniors,M,B,Single-ply
2,Maksim Doronov,Максим Доронов,1994,74,68.35,115,122.5,127.5,127.5,127.5,Juniors,M,B,Single-ply
1,Igor Evdokimov,Игорь Евдокимов,1998,74,73,110,115,-117.5,115,115,Sub-Juniors,M,B,Single-ply
3,Mikhail Filatov,Михаил Филатов,1993,74,71.45,90,97.5,102.5,102.5,102.5,Juniors,M,B,Single-ply
6,Aleksey Belyaev,Алексей Беляев,1988,74,71.2,-95,100,-105,100,100,Open,M,B,Single-ply
2,Konstantin Cherevko,Константин Черевко,1995,74,71.95,85,100,-102.5,100,100,Sub-Juniors,M,B,Single-ply
3,Aleksandr Vakhrushin,Александр Вахрушин,1998,74,72.55,80,90,97.5,97.5,97.5,Sub-Juniors,M,B,Single-ply
4,Nikolay Podkuyko,Николай Подкуйко,1995,74,69.75,90,92.5,95,95,95,Sub-Juniors,M,B,Single-ply
4,Boris Golubov,Борис Голубов,1993,74,71.2,-87.5,-92.5,95,95,95,Juniors,M,B,Single-ply
5,Sergey Ryabov,Сергей Рябов,1997,74,72.1,-87.5,92,95,95,95,Sub-Juniors,M,B,Single-ply
6,Andrey Tataresku,Андрей Татареску,1998,74,69.05,80,85,90,90,90,Sub-Juniors,M,B,Single-ply
5,Aleksandr Popkov,Александр Попков,1993,74,70.95,87.5,90,-92.5,90,90,Juniors,M,B,Single-ply
7,Dmitriy Chugusov,Дмитрий Чугусов,1995,74,73.15,90,-97.5,-97.5,90,90,Sub-Juniors,M,B,Single-ply
8,Dmitriy Chipashvili,Дмитрий Чипашвили,1998,74,69.45,75,80,87.5,87.5,87.5,Sub-Juniors,M,B,Single-ply
9,Ivan Butanaev,Иван Бутанаев,1996,74,68.8,-85,85,-87.5,85,85,Sub-Juniors,M,B,Single-ply
10,Sergey Glekin,Сергей Глекин,1995,74,68.85,75,80,82.5,82.5,82.5,Sub-Juniors,M,B,Single-ply
11,Vsevolod Kozlovskiy,Всеволод Козловский,1997,74,73.2,82.5,-85,-85,82.5,82.5,Sub-Juniors,M,B,Single-ply
12,Dmitriy Yakushin,Дмитрий Якушин,1996,74,68.85,80,-85,-85,80,80,Sub-Juniors,M,B,Single-ply
13,Nikolay Stavyarskiy,Николай Ставярский,1996,74,70.45,72.5,77.5,80,80,80,Sub-Juniors,M,B,Single-ply
14,Arseniy Osiyuk,Арсений Осиюк,1998,74,69.65,57.5,-62.5,-62.5,57.5,57.5,Sub-Juniors,M,B,Single-ply
DQ,Artyom Lvov,Артём Львов,1997,74,71.1,-60,-60,,,,Sub-Juniors,M,B,Single-ply
NS,Yuriy Timofeev,Юрий Тимофеев,1979,74,,,,,,,Open,M,B,Single-ply
NS,Pavel Veretennikov,Павел Веретенников,1994,74,,,,,,,Juniors,M,B,Single-ply
NS,Valeriy Bakumenko,Валерий Бакуменко,1980,74,,,,,,,Open,M,B,Single-ply
NS,Oleg Arslanov,Олег Арсланов,1991,74,,,,,,,Juniors,M,B,Single-ply
NS,Mikhail Verkhovinets,Михаил Верховинец,1995,74,,,,,,,Sub-Juniors,M,B,Single-ply
NS,Andrey Bogucharskov,Андрей Богучарсков,1995,74,,,,,,,Sub-Juniors,M,B,Single-ply
NS,Artyom Zhuravel,Артём Журавель,1995,74,,,,,,,Sub-Juniors,M,B,Single-ply
NS,Maxim Sharikov,Максим Шариков,1992,74,,,,,,,Juniors,M,B,Single-ply
NS,Andrey Timoshenko,Андрей Тимошенко,1994,74,,,,,,,Juniors,M,B,Single-ply
NS,Nikolay Poletaev,Николай Полетаев,1992,74,,,,,,,Juniors,M,B,Single-ply
NS,Nikita Proshin,Никита Прошин,1992,74,,,,,,,Juniors,M,B,Single-ply
NS,Konstantin Zuev,Константин Зуев,1985,74,,,,,,,Open,M,B,Single-ply
NS,Danila Nokin,Данила Нокин,2000,74,,,,,,,Sub-Juniors,M,B,Single-ply
1,Sergey Aren,Сергей Арен,1990,83,82.4,180,190,200,200,200,Juniors,M,B,Single-ply
1,Vladimir Lavrukhin,Владимир Лаврухин,1988,83,82.65,190,195,197.5,197.5,197.5,Open,M,B,Single-ply
2,Denis Yurkov,Денис Юрков,1983,83,82.15,180,190,-195,190,190,Open,M,B,Single-ply
3,Ivan Vedenkin,Иван Веденкин,1981,83,82.6,180,190,-197.5,190,190,Open,M,B,Single-ply
4,Aleksey Timoshin,Алексей Тимошин,1978,83,81.95,175,180,185,185,185,Open,M,B,Single-ply
5,Aleksey Fadeev,Алексей Фадеев,1979,83,81.4,170,175,180,180,180,Open,M,B,Single-ply
6,Aleksandr Kolganov,Александр Колганов,1979,83,82.85,150,157.5,-162.5,157.5,157.5,Open,M,B,Single-ply
7,Kirill Rybakov,Кирилл Рыбаков,1982,83,80.15,140,150,155,155,155,Open,M,B,Single-ply
2,Nikita Rulyov,Никита Рулёв,1992,83,76.25,130,140,150,150,150,Juniors,M,B,Single-ply
8,Arkadiy Krylov,Аркадий Крылов,1989,83,79.7,135,142.5,150,150,150,Open,M,B,Single-ply
9,Roman Elovikov,Роман Еловиков,1982,83,80.75,140,150,-160,150,150,Open,M,B,Single-ply
3,Aleksandr Gorbachyov,Александр Горбачёв,1993,83,79.85,135,140,145,145,145,Juniors,M,B,Single-ply
4,Stanisla Yarukov,Станисла Яруков,1990,83,81.1,130,137.5,145,145,145,Juniors,M,B,Single-ply
10,Nikolay Boshchevan,Николай Бощеван,1984,83,80.35,130,137.5,142.5,142.5,142.5,Open,M,B,Single-ply
1,Andrey Ozerov,Андрей Озеров,1995,83,80.85,135,142.5,-147.5,142.5,142.5,Sub-Juniors,M,B,Single-ply
2,Pavel Maystrenko,Павел Майстренко,1995,83,77.55,125,130,-135,130,130,Sub-Juniors,M,B,Single-ply
5,Artyom Kudinov,Артём Кудинов,1993,83,79.7,115,122.5,125,125,125,Juniors,M,B,Single-ply
6,Maksim Ivanov #25,Максим Иванов,1992,83,81.15,110,117.5,125,125,125,Juniors,M,B,Single-ply
7,Mikhail Matveev,Михаил Матвеев,1994,83,77.5,100,107.5,115,115,115,Juniors,M,B,Single-ply
3,Aleksandr Kapitanov,Александр Капитанов,1996,83,80.05,105,-112.5,112.5,112.5,112.5,Sub-Juniors,M,B,Single-ply
8,Egor Mairko,Егор Маирко,1994,83,82.1,110,-115,-115,110,110,Juniors,M,B,Single-ply
4,Aleksey Davydov,Алексей Давыдов,1996,83,77.3,95,-100,-100,95,95,Sub-Juniors,M,B,Single-ply
5,Andrey Blinov,Андрей Блинов,1996,83,81.15,90,95,-97.5,95,95,Sub-Juniors,M,B,Single-ply
6,Sergey Markin,Сергей Маркин,1995,83,75.8,85,-92.5,92.5,92.5,92.5,Sub-Juniors,M,B,Single-ply
7,Denis Zamorin,Денис Заморин,1997,83,77.35,90,-92.5,-92.5,90,90,Sub-Juniors,M,B,Single-ply
9,Ruslan Karasyov,Руслан Карасёв,1991,83,77.5,-80,90,,90,90,Juniors,M,B,Single-ply
10,Roman Kovalyashkin,Роман Коваляшкин,1990,83,80.1,90,,,90,90,Juniors,M,B,Single-ply
8,Mikhail Tyagunov,Михаил Тягунов,1996,83,82.3,90,-92.5,-92.5,90,90,Sub-Juniors,M,B,Single-ply
9,Artyom Belov,Артём Белов,1997,83,79.95,80,87.5,-92.5,87.5,87.5,Sub-Juniors,M,B,Single-ply
10,Andrey Akhromeev,Андрей Ахромеев,1996,83,74.4,80,85,-87.5,85,85,Sub-Juniors,M,B,Single-ply
11,Roman Byvalov,Роман Бывалов,1996,83,77.1,65,70,-75,70,70,Sub-Juniors,M,B,Single-ply
12,Kirill Aglodelkov,Кирилл Аглоделков,1996,83,82.65,60,62.5,-65,62.5,62.5,Sub-Juniors,M,B,Single-ply
NS,Andrey Vasilev,Андрей Васильев,1984,83,,,,,,,Open,M,B,Single-ply
NS,Anton Nesterov,Антон Нестеров,1995,83,,,,,,,Sub-Juniors,M,B,Single-ply
NS,Ivan Ryzhov,Иван Рыжов,1996,83,,,,,,,Sub-Juniors,M,B,Single-ply
NS,Denis Latypov,Денис Латыпов,1996,83,,,,,,,Sub-Juniors,M,B,Single-ply
NS,Dmitriy Tolmachyov,Дмитрий Толмачёв,1986,83,,,,,,,Open,M,B,Single-ply
NS,Aleksandr Terekhov,Александр Терехов,1991,83,,,,,,,Juniors,M,B,Single-ply
NS,Oleg Lysenko,Олег Лысенко,1995,83,,,,,,,Sub-Juniors,M,B,Single-ply
NS,Dmitriy Kuzin,Дмитрий Кузин,1994,83,,,,,,,Juniors,M,B,Single-ply
NS,Nikita Kurenkov,Никита Куренков,1994,83,,,,,,,Juniors,M,B,Single-ply
NS,Vitaliy Korotkov,Виталий Коротков,1972,83,,,,,,,Open,M,B,Single-ply
1,Anatoliy Kovalyov,Анатолий Ковалёв,1977,93,92.25,230,-240,-240,230,230,Open,M,B,Single-ply
2,Dmitriy Nikultsev,Дмитрий Никульцев,1989,93,90.95,-220,220,-230,220,220,Open,M,B,Single-ply
3,Evgeniy Ivashkin,Евгений Ивашкин,1981,93,88.75,200,-207.5,207.5,207.5,207.5,Open,M,B,Single-ply
4,Dmitriy Panov,Дмитрий Панов,1978,93,91.4,-190,190,202.5,202.5,202.5,Open,M,B,Single-ply
1,Andrey Baydalov,Андрей Байдалов,1991,93,83.5,195,-200,-200,195,195,Juniors,M,B,Single-ply
2,Dmitriy Ivanov #54,Дмитрий Иванов,1993,93,87.95,190,-200,-200,190,190,Juniors,M,B,Single-ply
5,Vladislav Lamokhin,Владислав Ламохин,1978,93,87.3,-180,-185,185,185,185,Open,M,B,Single-ply
7,Aleksandr Kucheryavyy,Александр Кучерявый,1989,93,92.3,170,180,185,185,185,Open,M,B,Single-ply
3,Mikhail Egorov,Михаил Егоров,1991,105,93.65,160,170,175,175,175,Juniors,M,B,Single-ply
6,Maksim Veter,Максим Ветер,1987,93,84.65,165,170,-172.5,170,170,Open,M,B,Single-ply
4,Evgeniy Zimkin,Евгений Зимкин,1990,93,89.55,150,160,-165,160,160,Juniors,M,B,Single-ply
8,Vitaliy Marin,Виталий Марьин,1988,93,90.75,150,155,-160,155,155,Open,M,B,Single-ply
5,Pavel Ignatov,Павел Игнатов,1990,93,91.15,145,155,-162.5,155,155,Juniors,M,B,Single-ply
9,Aleksey Dmitriev,Алексей Дмитриев,1987,93,91.2,140,150,,150,150,Open,M,B,Single-ply
1,Ivan Shterbets,Иван Штербец,1995,93,90.15,122.5,130,135.5,135.5,135.5,Sub-Juniors,M,B,Single-ply
6,Ilya Danyuk,Илья Данюк,1991,93,87.4,125,130,-135,130,130,Juniors,M,B,Single-ply
2,Ivan Dmitrichenko,Иван Дмитриченко,1996,93,91.9,110,-115,115,115,115,Sub-Juniors,M,B,Single-ply
10,Mikhail Pogoreltsev,Михаил Погорельцев,1986,93,84.1,-110,110,-122.5,110,110,Open,M,B,Single-ply
3,Maksum Bazarbaev,Максум Базарбаев,1995,93,87.25,-100,100,110,110,110,Sub-Juniors,M,B,Single-ply
4,Denis Petrovskiy,Денис Петровский,1996,93,88.75,65,75,-82.5,75,75,Sub-Juniors,M,B,Single-ply
5,Pavel Larin,Павел Ларин,1996,93,90.45,70,75,-80,75,75,Sub-Juniors,M,B,Single-ply
NS,Grigoriy Baboyan,Григорий Бабоян,1993,93,,,,,,,Juniors,M,B,Single-ply
NS,Maksim Melnikov,Максим Мельников,1994,93,,,,,,,Juniors,M,B,Single-ply
NS,Artyom Monikov,Артём Моников,1995,93,,,,,,,Sub-Juniors,M,B,Single-ply
NS,Aleksandr Lystsev,Александр Лысцев,1991,93,,,,,,,Juniors,M,B,Single-ply
NS,Aleksey Khraponov,Алексей Храпонов,1992,93,,,,,,,Juniors,M,B,Single-ply
NS,Andrey Nikolaev,Андрей Николаев,1988,93,,,,,,,Open,M,B,Single-ply
NS,Aleksandr Egorov,Александр Егоров,1992,93,,,,,,,Juniors,M,B,Single-ply
NS,Anatoliy Akramov,Анатолий Акрамов,1977,93,,,,,,,Open,M,B,Single-ply
1,Sergey Vakhrushin,Сергей Вахрушин,1976,105,101.5,245,255,262.5,262.5,262.5,Open,M,B,Single-ply
2,Dmitriy Konin,Дмитрий Конин,1975,105,102.75,245,250,257.5,257.5,257.5,Open,M,B,Single-ply
3,Roman Konin,Роман Конин,1982,105,97.45,235,245,-250,245,245,Open,M,B,Single-ply
1,Sergey Zimkin,Сергей Зимкин,1991,105,99.4,190,200,-207.5,200,200,Juniors,M,B,Single-ply
4,Georgiy Sukhov,Георгий Сухов,1986,105,105,200,-207.5,-215,200,200,Open,M,B,Single-ply
5,Artyom Evterev,Артём Евтерев,1987,105,102.8,170,-177.5,177.5,177.5,177.5,Open,M,B,Single-ply
2,Ilya Romenskiy,Илья Роменский,1992,105,95.55,155,162.5,-165,162.5,162.5,Juniors,M,B,Single-ply
3,Andrey Savinkov,Андрей Савинков,1992,105,100.95,162.5,-172.5,-172.5,162.5,162.5,Juniors,M,B,Single-ply
6,Vladimir Zuev,Владимир Зуев,1980,105,104.55,150,162.5,-175,162.5,162.5,Open,M,B,Single-ply
7,Andrey Molotov,Андрей Молотов,1981,105,98.95,140,145,150,150,150,Open,M,B,Single-ply
1,Vladimir Remarovich,Владимир Ремарович,1995,105,102.15,130,140,150,150,150,Sub-Juniors,M,B,Single-ply
4,Vadim Denisov,Вадим Денисов,1991,105,104.55,140,-147.5,-147.5,140,140,Juniors,M,B,Single-ply
8,Roman Malakhov,Роман Малахов,1980,105,94.9,137.5,-142.5,-142.5,137.5,137.5,Open,M,B,Single-ply
5,Pavel Maykhov,Павел Майхов,1994,105,96.2,130,137.5,-140,137.5,137.5,Juniors,M,B,Single-ply
6,Oleg Lebedev #4,Олег Лебедев,1990,105,102.35,105,110,-117.5,110,110,Juniors,M,B,Single-ply
2,Maksim Polishchuk,Максим Полищук,1997,105,98.2,102.5,105,107.5,107.5,107.5,Sub-Juniors,M,B,Single-ply
7,Sergey Garbar,Сергей Гарбар,1991,105,97.55,100,-107.5,,100,100,Juniors,M,B,Single-ply
3,Yuriy Tarasevich,Юрий Тарасевич,1996,105,99.65,90,95,-100,95,95,Sub-Juniors,M,B,Single-ply
4,Nikita Balakhnin,Никита Балахнин,1997,105,95.9,75,80,-85,80,80,Sub-Juniors,M,B,Single-ply
5,Aleksandr Seliverstov,Александр Селиверстов,1997,105,98.8,55,62.5,67.5,67.5,67.5,Sub-Juniors,M,B,Single-ply
NS,Stanislav Sitko,Станислав Ситько,1997,105,,,,,,,Sub-Juniors,M,B,Single-ply
NS,Ivan Serdyukov,Иван Сердюков,1995,105,,,,,,,Sub-Juniors,M,B,Single-ply
NS,Vitaliy Berko #2,Виталий Берко,1978,105,,,,,,,Open,M,B,Single-ply
NS,Pavel Milov,Павел Милов,1991,105,,,,,,,Juniors,M,B,Single-ply
NS,Mikhail Prikhodko,Михаил Приходько,1992,105,,,,,,,Juniors,M,B,Single-ply
NS,Evgeniy Tarasov,Евгений Тарасов,1987,105,,,,,,,Open,M,B,Single-ply
1,Andrey Komissarov,Андрей Комиссаров,1985,120,118.95,220,227.5,232.5,232.5,232.5,Open,M,B,Single-ply
2,Igor Marichev,Игорь Маричев,1976,120,108.05,-225,225,-232.5,225,225,Open,M,B,Single-ply
1,Dmitriy Sakharov,Дмитрий Сахаров,1991,120,115.85,225,-245,-245,225,225,Juniors,M,B,Single-ply
3,Mikhail Antsiferov,Михаил Анциферов,1981,120,107.4,200,210,-215,210,210,Open,M,B,Single-ply
1,Sergey Yazykov,Сергей Языков,1995,120,114.45,165,175.5,180,180,180,Sub-Juniors,M,B,Single-ply
4,Konstantin Baranov,Константин Баранов,1986,120,115.65,150,162.5,172.5,172.5,172.5,Open,M,B,Single-ply
NS,Denis Dorozhnyak,Денис Дорожняк,1994,120,108.2,,,,,,Juniors,M,B,Single-ply
NS,Denis Drozhnyak,Денис Дрожняк,1993,120,,,,,,,Juniors,M,B,Single-ply
NS,Oleg Voloshin,Олег Волошин,1994,120,,,,,,,Juniors,M,B,Single-ply
1,Yuriy Vasilev #3,Юрий Васильев,1986,120+,143.7,247.5,253,262.5,262.5,262.5,Open,M,B,Single-ply
2,Aleksey Golubtsov,Алексей Голубцов,1975,120+,130.45,235,250,-260,250,250,Open,M,B,Single-ply
3,Nikolay Mashtakov,Николай Маштаков,1982,120+,120.05,210,220,230,230,230,Open,M,B,Single-ply
1,Anton Parshevskiy,Антон Паршевский,1990,120+,121.4,185,195,200,200,200,Juniors,M,B,Single-ply
2,Andrey Troshkin,Андрей Трошкин,1994,120+,122.75,120,130,137.5,137.5,137.5,Juniors,M,B,Single-ply
4,Aleksandr Osipov,Александр Осипов,1975,120+,147.1,120,-125,-125,120,120,Open,M,B,Single-ply
NS,Viktor Naryshkin,Виктор Нарышкин,1994,120+,,,,,,,Juniors,M,B,Single-ply
1,Konstantin Podshebyakin,Константин Подшебякин,1970,,90.1,160,170,-177.5,170,170,Masters 1,M,B,Single-ply
2,Andrey Korovenkov,Андрей Коровенков,1973,,101.5,-160,165,170,170,170,Masters 1,M,B,Single-ply
3,Aleksandr Donin,Александр Донин,1970,,88.4,-150,150,157.5,157.5,157.5,Masters 1,M,B,Single-ply
4,Vladimir Masterov,Владимир Мастеров,1967,,84.7,140,145,150,150,150,Masters 1,M,B,Single-ply
5,Oleg Zhukov,Олег Жуков,1966,,78.95,130,-135,135,135,135,Masters 1,M,B,Single-ply
NS,Andrey Epifanov,Андрей Епифанов,1968,,,,,,,,Masters 1,M,B,Single-ply
1,Artur Kazakevichus,Артур Казакевичус,1960,,91.35,127.5,132.5,140,140,140,Masters 2,M,B,Single-ply
2,Vladimir Goltsov,Владимир Гольцов,1953,,119.85,100,107.5,-112.5,107.5,107.5,Masters 3,M,B,Single-ply
NS,Viktor Kotelnikov,Виктор Котельников,1956,,,,,,,,Masters 2,M,B,Single-ply
NS,Ivan Rudenko #1,Иван Руденко,1958,,,,,,,,Masters 2,M,B,Single-ply
